25
6.62489467e-09 1.32497893e-08 2.64995787e-08 5.29991574e-08 1.05998315e-07 2.11996630e-07 4.23993259e-07 8.47986518e-07 1.69597304e-06 3.39194607e-06 6.78389215e-06 1.35677843e-05 2.71355686e-05 1.35677843e-05 6.78389215e-06 3.39194607e-06 1.69597304e-06 8.47986518e-07 4.23993259e-07 2.11996630e-07 1.05998315e-07 5.29991574e-08 2.64995787e-08 1.32497893e-08 6.62489467e-09
1.32497893e-08 2.64995787e-08 5.29991574e-08 1.05998315e-07 2.11996630e-07 4.23993259e-07 8.47986518e-07 1.69597304e-06 3.39194607e-06 6.78389215e-06 1.35677843e-05 2.71355686e-05 5.42711372e-05 2.71355686e-05 1.35677843e-05 6.78389215e-06 3.39194607e-06 1.69597304e-06 8.47986518e-07 4.23993259e-07 2.11996630e-07 1.05998315e-07 5.29991574e-08 2.64995787e-08 1.32497893e-08
2.64995787e-08 5.29991574e-08 1.05998315e-07 2.11996630e-07 4.23993259e-07 8.47986518e-07 1.69597304e-06 3.39194607e-06 6.78389215e-06 1.35677843e-05 2.71355686e-05 5.42711372e-05 1.08542274e-04 5.42711372e-05 2.71355686e-05 1.35677843e-05 6.78389215e-06 3.39194607e-06 1.69597304e-06 8.47986518e-07 4.23993259e-07 2.11996630e-07 1.05998315e-07 5.29991574e-08 2.64995787e-08
5.29991574e-08 1.05998315e-07 2.11996630e-07 4.23993259e-07 8.47986518e-07 1.69597304e-06 3.39194607e-06 6.78389215e-06 1.35677843e-05 2.71355686e-05 5.42711372e-05 1.08542274e-04 2.17084549e-04 1.08542274e-04 5.42711372e-05 2.71355686e-05 1.35677843e-05 6.78389215e-06 3.39194607e-06 1.69597304e-06 8.47986518e-07 4.23993259e-07 2.11996630e-07 1.05998315e-07 5.29991574e-08
1.05998315e-07 2.11996630e-07 4.23993259e-07 8.47986518e-07 1.69597304e-06 3.39194607e-06 6.78389215e-06 1.35677843e-05 2.71355686e-05 5.42711372e-05 1.08542274e-04 2.17084549e-04 4.34169097e-04 2.17084549e-04 1.08542274e-04 5.42711372e-05 2.71355686e-05 1.35677843e-05 6.78389215e-06 3.39194607e-06 1.69597304e-06 8.47986518e-07 4.23993259e-07 2.11996630e-07 1.05998315e-07
2.11996630e-07 4.23993259e-07 8.47986518e-07 1.69597304e-06 3.39194607e-06 6.78389215e-06 1.35677843e-05 2.71355686e-05 5.42711372e-05 1.08542274e-04 2.17084549e-04 4.34169097e-04 8.68338195e-04 4.34169097e-04 2.17084549e-04 1.08542274e-04 5.42711372e-05 2.71355686e-05 1.35677843e-05 6.78389215e-06 3.39194607e-06 1.69597304e-06 8.47986518e-07 4.23993259e-07 2.11996630e-07
4.23993259e-07 8.47986518e-07 1.69597304e-06 3.39194607e-06 6.78389215e-06 1.35677843e-05 2.71355686e-05 5.42711372e-05 1.08542274e-04 2.17084549e-04 4.34169097e-04 8.68338195e-04 1.73667639e-03 8.68338195e-04 4.34169097e-04 2.17084549e-04 1.08542274e-04 5.42711372e-05 2.71355686e-05 1.35677843e-05 6.78389215e-06 3.39194607e-06 1.69597304e-06 8.47986518e-07 4.23993259e-07
8.47986518e-07 1.69597304e-06 3.39194607e-06 6.78389215e-06 1.35677843e-05 2.71355686e-05 5.42711372e-05 1.08542274e-04 2.17084549e-04 4.34169097e-04 8.68338195e-04 1.73667639e-03 3.47335278e-03 1.73667639e-03 8.68338195e-04 4.34169097e-04 2.17084549e-04 1.08542274e-04 5.42711372e-05 2.71355686e-05 1.35677843e-05 6.78389215e-06 3.39194607e-06 1.69597304e-06 8.47986518e-07
1.69597304e-06 3.39194607e-06 6.78389215e-06 1.35677843e-05 2.71355686e-05 5.42711372e-05 1.08542274e-04 2.17084549e-04 4.34169097e-04 8.68338195e-04 1.73667639e-03 3.47335278e-03 6.94670556e-03 3.47335278e-03 1.73667639e-03 8.68338195e-04 4.34169097e-04 2.17084549e-04 1.08542274e-04 5.42711372e-05 2.71355686e-05 1.35677843e-05 6.78389215e-06 3.39194607e-06 1.69597304e-06
3.39194607e-06 6.78389215e-06 1.35677843e-05 2.71355686e-05 5.42711372e-05 1.08542274e-04 2.17084549e-04 4.34169097e-04 8.68338195e-04 1.73667639e-03 3.47335278e-03 6.94670556e-03 1.38934111e-02 6.94670556e-03 3.47335278e-03 1.73667639e-03 8.68338195e-04 4.34169097e-04 2.17084549e-04 1.08542274e-04 5.42711372e-05 2.71355686e-05 1.35677843e-05 6.78389215e-06 3.39194607e-06
6.78389215e-06 1.35677843e-05 2.71355686e-05 5.42711372e-05 1.08542274e-04 2.17084549e-04 4.34169097e-04 8.68338195e-04 1.73667639e-03 3.47335278e-03 6.94670556e-03 1.38934111e-02 2.77868222e-02 1.38934111e-02 6.94670556e-03 3.47335278e-03 1.73667639e-03 8.68338195e-04 4.34169097e-04 2.17084549e-04 1.08542274e-04 5.42711372e-05 2.71355686e-05 1.35677843e-05 6.78389215e-06
1.35677843e-05 2.71355686e-05 5.42711372e-05 1.08542274e-04 2.17084549e-04 4.34169097e-04 8.68338195e-04 1.73667639e-03 3.47335278e-03 6.94670556e-03 1.38934111e-02 2.77868222e-02 5.55736445e-02 2.77868222e-02 1.38934111e-02 6.94670556e-03 3.47335278e-03 1.73667639e-03 8.68338195e-04 4.34169097e-04 2.17084549e-04 1.08542274e-04 5.42711372e-05 2.71355686e-05 1.35677843e-05
2.71355686e-05 5.42711372e-05 1.08542274e-04 2.17084549e-04 4.34169097e-04 8.68338195e-04 1.73667639e-03 3.47335278e-03 6.94670556e-03 1.38934111e-02 2.77868222e-02 5.55736445e-02 1.11147289e-01 5.55736445e-02 2.77868222e-02 1.38934111e-02 6.94670556e-03 3.47335278e-03 1.73667639e-03 8.68338195e-04 4.34169097e-04 2.17084549e-04 1.08542274e-04 5.42711372e-05 2.71355686e-05
1.35677843e-05 2.71355686e-05 5.42711372e-05 1.08542274e-04 2.17084549e-04 4.34169097e-04 8.68338195e-04 1.73667639e-03 3.47335278e-03 6.94670556e-03 1.38934111e-02 2.77868222e-02 5.55736445e-02 2.77868222e-02 1.38934111e-02 6.94670556e-03 3.47335278e-03 1.73667639e-03 8.68338195e-04 4.34169097e-04 2.17084549e-04 1.08542274e-04 5.42711372e-05 2.71355686e-05 1.35677843e-05
6.78389215e-06 1.35677843e-05 2.71355686e-05 5.42711372e-05 1.08542274e-04 2.17084549e-04 4.34169097e-04 8.68338195e-04 1.73667639e-03 3.47335278e-03 6.94670556e-03 1.38934111e-02 2.77868222e-02 1.38934111e-02 6.94670556e-03 3.47335278e-03 1.73667639e-03 8.68338195e-04 4.34169097e-04 2.17084549e-04 1.08542274e-04 5.42711372e-05 2.71355686e-05 1.35677843e-05 6.78389215e-06
3.39194607e-06 6.78389215e-06 1.35677843e-05 2.71355686e-05 5.42711372e-05 1.08542274e-04 2.17084549e-04 4.34169097e-04 8.68338195e-04 1.73667639e-03 3.47335278e-03 6.94670556e-03 1.38934111e-02 6.94670556e-03 3.47335278e-03 1.73667639e-03 8.68338195e-04 4.34169097e-04 2.17084549e-04 1.08542274e-04 5.42711372e-05 2.71355686e-05 1.35677843e-05 6.78389215e-06 3.39194607e-06
1.69597304e-06 3.39194607e-06 6.78389215e-06 1.35677843e-05 2.71355686e-05 5.42711372e-05 1.08542274e-04 2.17084549e-04 4.34169097e-04 8.68338195e-04 1.73667639e-03 3.47335278e-03 6.94670556e-03 3.47335278e-03 1.73667639e-03 8.68338195e-04 4.34169097e-04 2.17084549e-04 1.08542274e-04 5.42711372e-05 2.71355686e-05 1.35677843e-05 6.78389215e-06 3.39194607e-06 1.69597304e-06
8.47986518e-07 1.69597304e-06 3.39194607e-06 6.78389215e-06 1.35677843e-05 2.71355686e-05 5.42711372e-05 1.08542274e-04 2.17084549e-04 4.34169097e-04 8.68338195e-04 1.73667639e-03 3.47335278e-03 1.73667639e-03 8.68338195e-04 4.34169097e-04 2.17084549e-04 1.08542274e-04 5.42711372e-05 2.71355686e-05 1.35677843e-05 6.78389215e-06 3.39194607e-06 1.69597304e-06 8.47986518e-07
4.23993259e-07 8.47986518e-07 1.69597304e-06 3.39194607e-06 6.78389215e-06 1.35677843e-05 2.71355686e-05 5.42711372e-05 1.08542274e-04 2.17084549e-04 4.34169097e-04 8.68338195e-04 1.73667639e-03 8.68338195e-04 4.34169097e-04 2.17084549e-04 1.08542274e-04 5.42711372e-05 2.71355686e-05 1.35677843e-05 6.78389215e-06 3.39194607e-06 1.69597304e-06 8.47986518e-07 4.23993259e-07
2.11996630e-07 4.23993259e-07 8.47986518e-07 1.69597304e-06 3.39194607e-06 6.78389215e-06 1.35677843e-05 2.71355686e-05 5.42711372e-05 1.08542274e-04 2.17084549e-04 4.34169097e-04 8.68338195e-04 4.34169097e-04 2.17084549e-04 1.08542274e-04 5.42711372e-05 2.71355686e-05 1.35677843e-05 6.78389215e-06 3.39194607e-06 1.69597304e-06 8.47986518e-07 4.23993259e-07 2.11996630e-07
1.05998315e-07 2.11996630e-07 4.23993259e-07 8.47986518e-07 1.69597304e-06 3.39194607e-06 6.78389215e-06 1.35677843e-05 2.71355686e-05 5.42711372e-05 1.08542274e-04 2.17084549e-04 4.34169097e-04 2.17084549e-04 1.08542274e-04 5.42711372e-05 2.71355686e-05 1.35677843e-05 6.78389215e-06 3.39194607e-06 1.69597304e-06 8.47986518e-07 4.23993259e-07 2.11996630e-07 1.05998315e-07
5.29991574e-08 1.05998315e-07 2.11996630e-07 4.23993259e-07 8.47986518e-07 1.69597304e-06 3.39194607e-06 6.78389215e-06 1.35677843e-05 2.71355686e-05 5.42711372e-05 1.08542274e-04 2.17084549e-04 1.08542274e-04 5.42711372e-05 2.71355686e-05 1.35677843e-05 6.78389215e-06 3.39194607e-06 1.69597304e-06 8.47986518e-07 4.23993259e-07 2.11996630e-07 1.05998315e-07 5.29991574e-08
2.64995787e-08 5.29991574e-08 1.05998315e-07 2.11996630e-07 4.23993259e-07 8.47986518e-07 1.69597304e-06 3.39194607e-06 6.78389215e-06 1.35677843e-05 2.71355686e-05 5.42711372e-05 1.08542274e-04 5.42711372e-05 2.71355686e-05 1.35677843e-05 6.78389215e-06 3.39194607e-06 1.69597304e-06 8.47986518e-07 4.23993259e-07 2.11996630e-07 1.05998315e-07 5.29991574e-08 2.64995787e-08
1.32497893e-08 2.64995787e-08 5.29991574e-08 1.05998315e-07 2.11996630e-07 4.23993259e-07 8.47986518e-07 1.69597304e-06 3.39194607e-06 6.78389215e-06 1.35677843e-05 2.71355686e-05 5.42711372e-05 2.71355686e-05 1.35677843e-05 6.78389215e-06 3.39194607e-06 1.69597304e-06 8.47986518e-07 4.23993259e-07 2.11996630e-07 1.05998315e-07 5.29991574e-08 2.64995787e-08 1.32497893e-08
6.62489467e-09 1.32497893e-08 2.64995787e-08 5.29991574e-08 1.05998315e-07 2.11996630e-07 4.23993259e-07 8.47986518e-07 1.69597304e-06 3.39194607e-06 6.78389215e-06 1.35677843e-05 2.71355686e-05 1.35677843e-05 6.78389215e-06 3.39194607e-06 1.69597304e-06 8.47986518e-07 4.23993259e-07 2.11996630e-07 1.05998315e-07 5.29991574e-08 2.64995787e-08 1.32497893e-08 6.62489467e-09
