15
6.85288232e-06 1.37057646e-05 2.74115293e-05 5.48230586e-05 1.09646117e-04 2.19292234e-04 4.38584469e-04 8.77168937e-04 4.38584469e-04 2.19292234e-04 1.09646117e-04 5.48230586e-05 2.74115293e-05 1.37057646e-05 6.85288232e-06
1.37057646e-05 2.74115293e-05 5.48230586e-05 1.09646117e-04 2.19292234e-04 4.38584469e-04 8.77168937e-04 1.75433787e-03 8.77168937e-04 4.38584469e-04 2.19292234e-04 1.09646117e-04 5.48230586e-05 2.74115293e-05 1.37057646e-05
2.74115293e-05 5.48230586e-05 1.09646117e-04 2.19292234e-04 4.38584469e-04 8.77168937e-04 1.75433787e-03 3.50867575e-03 1.75433787e-03 8.77168937e-04 4.38584469e-04 2.19292234e-04 1.09646117e-04 5.48230586e-05 2.74115293e-05
5.48230586e-05 1.09646117e-04 2.19292234e-04 4.38584469e-04 8.77168937e-04 1.75433787e-03 3.50867575e-03 7.01735150e-03 3.50867575e-03 1.75433787e-03 8.77168937e-04 4.38584469e-04 2.19292234e-04 1.09646117e-04 5.48230586e-05
1.09646117e-04 2.19292234e-04 4.38584469e-04 8.77168937e-04 1.75433787e-03 3.50867575e-03 7.01735150e-03 1.40347030e-02 7.01735150e-03 3.50867575e-03 1.75433787e-03 8.77168937e-04 4.38584469e-04 2.19292234e-04 1.09646117e-04
2.19292234e-04 4.38584469e-04 8.77168937e-04 1.75433787e-03 3.50867575e-03 7.01735150e-03 1.40347030e-02 2.80694060e-02 1.40347030e-02 7.01735150e-03 3.50867575e-03 1.75433787e-03 8.77168937e-04 4.38584469e-04 2.19292234e-04
4.38584469e-04 8.77168937e-04 1.75433787e-03 3.50867575e-03 7.01735150e-03 1.40347030e-02 2.80694060e-02 5.61388120e-02 2.80694060e-02 1.40347030e-02 7.01735150e-03 3.50867575e-03 1.75433787e-03 8.77168937e-04 4.38584469e-04
8.77168937e-04 1.75433787e-03 3.50867575e-03 7.01735150e-03 1.40347030e-02 2.80694060e-02 5.61388120e-02 1.12277624e-01 5.61388120e-02 2.80694060e-02 1.40347030e-02 7.01735150e-03 3.50867575e-03 1.75433787e-03 8.77168937e-04
4.38584469e-04 8.77168937e-04 1.75433787e-03 3.50867575e-03 7.01735150e-03 1.40347030e-02 2.80694060e-02 5.61388120e-02 2.80694060e-02 1.40347030e-02 7.01735150e-03 3.50867575e-03 1.75433787e-03 8.77168937e-04 4.38584469e-04
2.19292234e-04 4.38584469e-04 8.77168937e-04 1.75433787e-03 3.50867575e-03 7.01735150e-03 1.40347030e-02 2.80694060e-02 1.40347030e-02 7.01735150e-03 3.50867575e-03 1.75433787e-03 8.77168937e-04 4.38584469e-04 2.19292234e-04
1.09646117e-04 2.19292234e-04 4.38584469e-04 8.77168937e-04 1.75433787e-03 3.50867575e-03 7.01735150e-03 1.40347030e-02 7.01735150e-03 3.50867575e-03 1.75433787e-03 8.77168937e-04 4.38584469e-04 2.19292234e-04 1.09646117e-04
5.48230586e-05 1.09646117e-04 2.19292234e-04 4.38584469e-04 8.77168937e-04 1.75433787e-03 3.50867575e-03 7.01735150e-03 3.50867575e-03 1.75433787e-03 8.77168937e-04 4.38584469e-04 2.19292234e-04 1.09646117e-04 5.48230586e-05
2.74115293e-05 5.48230586e-05 1.09646117e-04 2.19292234e-04 4.38584469e-04 8.77168937e-04 1.75433787e-03 3.50867575e-03 1.75433787e-03 8.77168937e-04 4.38584469e-04 2.19292234e-04 1.09646117e-04 5.48230586e-05 2.74115293e-05
1.37057646e-05 2.74115293e-05 5.48230586e-05 1.09646117e-04 2.19292234e-04 4.38584469e-04 8.77168937e-04 1.75433787e-03 8.77168937e-04 4.38584469e-04 2.19292234e-04 1.09646117e-04 5.48230586e-05 2.74115293e-05 1.37057646e-05
6.85288232e-06 1.37057646e-05 2.74115293e-05 5.48230586e-05 1.09646117e-04 2.19292234e-04 4.38584469e-04 8.77168937e-04 4.38584469e-04 2.19292234e-04 1.09646117e-04 5.48230586e-05 2.74115293e-05 1.37057646e-05 6.85288232e-06
