35
6.46758367e-12 1.29351673e-11 2.58703347e-11 5.17406694e-11 1.03481339e-10 2.06962677e-10 4.13925355e-10 8.27850710e-10 1.65570142e-09 3.31140284e-09 6.62280568e-09 1.32456114e-08 2.64912227e-08 5.29824454e-08 1.05964891e-07 2.11929782e-07 4.23859563e-07 8.47719127e-07 4.23859563e-07 2.11929782e-07 1.05964891e-07 5.29824454e-08 2.64912227e-08 1.32456114e-08 6.62280568e-09 3.31140284e-09 1.65570142e-09 8.27850710e-10 4.13925355e-10 2.06962677e-10 1.03481339e-10 5.17406694e-11 2.58703347e-11 1.29351673e-11 6.46758367e-12
1.29351673e-11 2.58703347e-11 5.17406694e-11 1.03481339e-10 2.06962677e-10 4.13925355e-10 8.27850710e-10 1.65570142e-09 3.31140284e-09 6.62280568e-09 1.32456114e-08 2.64912227e-08 5.29824454e-08 1.05964891e-07 2.11929782e-07 4.23859563e-07 8.47719127e-07 1.69543825e-06 8.47719127e-07 4.23859563e-07 2.11929782e-07 1.05964891e-07 5.29824454e-08 2.64912227e-08 1.32456114e-08 6.62280568e-09 3.31140284e-09 1.65570142e-09 8.27850710e-10 4.13925355e-10 2.06962677e-10 1.03481339e-10 5.17406694e-11 2.58703347e-11 1.29351673e-11
2.58703347e-11 5.17406694e-11 1.03481339e-10 2.06962677e-10 4.13925355e-10 8.27850710e-10 1.65570142e-09 3.31140284e-09 6.62280568e-09 1.32456114e-08 2.64912227e-08 5.29824454e-08 1.05964891e-07 2.11929782e-07 4.23859563e-07 8.47719127e-07 1.69543825e-06 3.39087651e-06 1.69543825e-06 8.47719127e-07 4.23859563e-07 2.11929782e-07 1.05964891e-07 5.29824454e-08 2.64912227e-08 1.32456114e-08 6.62280568e-09 3.31140284e-09 1.65570142e-09 8.27850710e-10 4.13925355e-10 2.06962677e-10 1.03481339e-10 5.17406694e-11 2.58703347e-11
5.17406694e-11 1.03481339e-10 2.06962677e-10 4.13925355e-10 8.27850710e-10 1.65570142e-09 3.31140284e-09 6.62280568e-09 1.32456114e-08 2.64912227e-08 5.29824454e-08 1.05964891e-07 2.11929782e-07 4.23859563e-07 8.47719127e-07 1.69543825e-06 3.39087651e-06 6.78175302e-06 3.39087651e-06 1.69543825e-06 8.47719127e-07 4.23859563e-07 2.11929782e-07 1.05964891e-07 5.29824454e-08 2.64912227e-08 1.32456114e-08 6.62280568e-09 3.31140284e-09 1.65570142e-09 8.27850710e-10 4.13925355e-10 2.06962677e-10 1.03481339e-10 5.17406694e-11
1.03481339e-10 2.06962677e-10 4.13925355e-10 8.27850710e-10 1.65570142e-09 3.31140284e-09 6.62280568e-09 1.32456114e-08 2.64912227e-08 5.29824454e-08 1.05964891e-07 2.11929782e-07 4.23859563e-07 8.47719127e-07 1.69543825e-06 3.39087651e-06 6.78175302e-06 1.35635060e-05 6.78175302e-06 3.39087651e-06 1.69543825e-06 8.47719127e-07 4.23859563e-07 2.11929782e-07 1.05964891e-07 5.29824454e-08 2.64912227e-08 1.32456114e-08 6.62280568e-09 3.31140284e-09 1.65570142e-09 8.27850710e-10 4.13925355e-10 2.06962677e-10 1.03481339e-10
2.06962677e-10 4.13925355e-10 8.27850710e-10 1.65570142e-09 3.31140284e-09 6.62280568e-09 1.32456114e-08 2.64912227e-08 5.29824454e-08 1.05964891e-07 2.11929782e-07 4.23859563e-07 8.47719127e-07 1.69543825e-06 3.39087651e-06 6.78175302e-06 1.35635060e-05 2.71270121e-05 1.35635060e-05 6.78175302e-06 3.39087651e-06 1.69543825e-06 8.47719127e-07 4.23859563e-07 2.11929782e-07 1.05964891e-07 5.29824454e-08 2.64912227e-08 1.32456114e-08 6.62280568e-09 3.31140284e-09 1.65570142e-09 8.27850710e-10 4.13925355e-10 2.06962677e-10
4.13925355e-10 8.27850710e-10 1.65570142e-09 3.31140284e-09 6.62280568e-09 1.32456114e-08 2.64912227e-08 5.29824454e-08 1.05964891e-07 2.11929782e-07 4.23859563e-07 8.47719127e-07 1.69543825e-06 3.39087651e-06 6.78175302e-06 1.35635060e-05 2.71270121e-05 5.42540241e-05 2.71270121e-05 1.35635060e-05 6.78175302e-06 3.39087651e-06 1.69543825e-06 8.47719127e-07 4.23859563e-07 2.11929782e-07 1.05964891e-07 5.29824454e-08 2.64912227e-08 1.32456114e-08 6.62280568e-09 3.31140284e-09 1.65570142e-09 8.27850710e-10 4.13925355e-10
8.27850710e-10 1.65570142e-09 3.31140284e-09 6.62280568e-09 1.32456114e-08 2.64912227e-08 5.29824454e-08 1.05964891e-07 2.11929782e-07 4.23859563e-07 8.47719127e-07 1.69543825e-06 3.39087651e-06 6.78175302e-06 1.35635060e-05 2.71270121e-05 5.42540241e-05 1.08508048e-04 5.42540241e-05 2.71270121e-05 1.35635060e-05 6.78175302e-06 3.39087651e-06 1.69543825e-06 8.47719127e-07 4.23859563e-07 2.11929782e-07 1.05964891e-07 5.29824454e-08 2.64912227e-08 1.32456114e-08 6.62280568e-09 3.31140284e-09 1.65570142e-09 8.27850710e-10
1.65570142e-09 3.31140284e-09 6.62280568e-09 1.32456114e-08 2.64912227e-08 5.29824454e-08 1.05964891e-07 2.11929782e-07 4.23859563e-07 8.47719127e-07 1.69543825e-06 3.39087651e-06 6.78175302e-06 1.35635060e-05 2.71270121e-05 5.42540241e-05 1.08508048e-04 2.17016096e-04 1.08508048e-04 5.42540241e-05 2.71270121e-05 1.35635060e-05 6.78175302e-06 3.39087651e-06 1.69543825e-06 8.47719127e-07 4.23859563e-07 2.11929782e-07 1.05964891e-07 5.29824454e-08 2.64912227e-08 1.32456114e-08 6.62280568e-09 3.31140284e-09 1.65570142e-09
3.31140284e-09 6.62280568e-09 1.32456114e-08 2.64912227e-08 5.29824454e-08 1.05964891e-07 2.11929782e-07 4.23859563e-07 8.47719127e-07 1.69543825e-06 3.39087651e-06 6.78175302e-06 1.35635060e-05 2.71270121e-05 5.42540241e-05 1.08508048e-04 2.17016096e-04 4.34032193e-04 2.17016096e-04 1.08508048e-04 5.42540241e-05 2.71270121e-05 1.35635060e-05 6.78175302e-06 3.39087651e-06 1.69543825e-06 8.47719127e-07 4.23859563e-07 2.11929782e-07 1.05964891e-07 5.29824454e-08 2.64912227e-08 1.32456114e-08 6.62280568e-09 3.31140284e-09
6.62280568e-09 1.32456114e-08 2.64912227e-08 5.29824454e-08 1.05964891e-07 2.11929782e-07 4.23859563e-07 8.47719127e-07 1.69543825e-06 3.39087651e-06 6.78175302e-06 1.35635060e-05 2.71270121e-05 5.42540241e-05 1.08508048e-04 2.17016096e-04 4.34032193e-04 8.68064386e-04 4.34032193e-04 2.17016096e-04 1.08508048e-04 5.42540241e-05 2.71270121e-05 1.35635060e-05 6.78175302e-06 3.39087651e-06 1.69543825e-06 8.47719127e-07 4.23859563e-07 2.11929782e-07 1.05964891e-07 5.29824454e-08 2.64912227e-08 1.32456114e-08 6.62280568e-09
1.32456114e-08 2.64912227e-08 5.29824454e-08 1.05964891e-07 2.11929782e-07 4.23859563e-07 8.47719127e-07 1.69543825e-06 3.39087651e-06 6.78175302e-06 1.35635060e-05 2.71270121e-05 5.42540241e-05 1.08508048e-04 2.17016096e-04 4.34032193e-04 8.68064386e-04 1.73612877e-03 8.68064386e-04 4.34032193e-04 2.17016096e-04 1.08508048e-04 5.42540241e-05 2.71270121e-05 1.35635060e-05 6.78175302e-06 3.39087651e-06 1.69543825e-06 8.47719127e-07 4.23859563e-07 2.11929782e-07 1.05964891e-07 5.29824454e-08 2.64912227e-08 1.32456114e-08
2.64912227e-08 5.29824454e-08 1.05964891e-07 2.11929782e-07 4.23859563e-07 8.47719127e-07 1.69543825e-06 3.39087651e-06 6.78175302e-06 1.35635060e-05 2.71270121e-05 5.42540241e-05 1.08508048e-04 2.17016096e-04 4.34032193e-04 8.68064386e-04 1.73612877e-03 3.47225754e-03 1.73612877e-03 8.68064386e-04 4.34032193e-04 2.17016096e-04 1.08508048e-04 5.42540241e-05 2.71270121e-05 1.35635060e-05 6.78175302e-06 3.39087651e-06 1.69543825e-06 8.47719127e-07 4.23859563e-07 2.11929782e-07 1.05964891e-07 5.29824454e-08 2.64912227e-08
5.29824454e-08 1.05964891e-07 2.11929782e-07 4.23859563e-07 8.47719127e-07 1.69543825e-06 3.39087651e-06 6.78175302e-06 1.35635060e-05 2.71270121e-05 5.42540241e-05 1.08508048e-04 2.17016096e-04 4.34032193e-04 8.68064386e-04 1.73612877e-03 3.47225754e-03 6.94451509e-03 3.47225754e-03 1.73612877e-03 8.68064386e-04 4.34032193e-04 2.17016096e-04 1.08508048e-04 5.42540241e-05 2.71270121e-05 1.35635060e-05 6.78175302e-06 3.39087651e-06 1.69543825e-06 8.47719127e-07 4.23859563e-07 2.11929782e-07 1.05964891e-07 5.29824454e-08
1.05964891e-07 2.11929782e-07 4.23859563e-07 8.47719127e-07 1.69543825e-06 3.39087651e-06 6.78175302e-06 1.35635060e-05 2.71270121e-05 5.42540241e-05 1.08508048e-04 2.17016096e-04 4.34032193e-04 8.68064386e-04 1.73612877e-03 3.47225754e-03 6.94451509e-03 1.38890302e-02 6.94451509e-03 3.47225754e-03 1.73612877e-03 8.68064386e-04 4.34032193e-04 2.17016096e-04 1.08508048e-04 5.42540241e-05 2.71270121e-05 1.35635060e-05 6.78175302e-06 3.39087651e-06 1.69543825e-06 8.47719127e-07 4.23859563e-07 2.11929782e-07 1.05964891e-07
2.11929782e-07 4.23859563e-07 8.47719127e-07 1.69543825e-06 3.39087651e-06 6.78175302e-06 1.35635060e-05 2.71270121e-05 5.42540241e-05 1.08508048e-04 2.17016096e-04 4.34032193e-04 8.68064386e-04 1.73612877e-03 3.47225754e-03 6.94451509e-03 1.38890302e-02 2.77780604e-02 1.38890302e-02 6.94451509e-03 3.47225754e-03 1.73612877e-03 8.68064386e-04 4.34032193e-04 2.17016096e-04 1.08508048e-04 5.42540241e-05 2.71270121e-05 1.35635060e-05 6.78175302e-06 3.39087651e-06 1.69543825e-06 8.47719127e-07 4.23859563e-07 2.11929782e-07
4.23859563e-07 8.47719127e-07 1.69543825e-06 3.39087651e-06 6.78175302e-06 1.35635060e-05 2.71270121e-05 5.42540241e-05 1.08508048e-04 2.17016096e-04 4.34032193e-04 8.68064386e-04 1.73612877e-03 3.47225754e-03 6.94451509e-03 1.38890302e-02 2.77780604e-02 5.55561207e-02 2.77780604e-02 1.38890302e-02 6.94451509e-03 3.47225754e-03 1.73612877e-03 8.68064386e-04 4.34032193e-04 2.17016096e-04 1.08508048e-04 5.42540241e-05 2.71270121e-05 1.35635060e-05 6.78175302e-06 3.39087651e-06 1.69543825e-06 8.47719127e-07 4.23859563e-07
8.47719127e-07 1.69543825e-06 3.39087651e-06 6.78175302e-06 1.35635060e-05 2.71270121e-05 5.42540241e-05 1.08508048e-04 2.17016096e-04 4.34032193e-04 8.68064386e-04 1.73612877e-03 3.47225754e-03 6.94451509e-03 1.38890302e-02 2.77780604e-02 5.55561207e-02 1.11112241e-01 5.55561207e-02 2.77780604e-02 1.38890302e-02 6.94451509e-03 3.47225754e-03 1.73612877e-03 8.68064386e-04 4.34032193e-04 2.17016096e-04 1.08508048e-04 5.42540241e-05 2.71270121e-05 1.35635060e-05 6.78175302e-06 3.39087651e-06 1.69543825e-06 8.47719127e-07
4.23859563e-07 8.47719127e-07 1.69543825e-06 3.39087651e-06 6.78175302e-06 1.35635060e-05 2.71270121e-05 5.42540241e-05 1.08508048e-04 2.17016096e-04 4.34032193e-04 8.68064386e-04 1.73612877e-03 3.47225754e-03 6.94451509e-03 1.38890302e-02 2.77780604e-02 5.55561207e-02 2.77780604e-02 1.38890302e-02 6.94451509e-03 3.47225754e-03 1.73612877e-03 8.68064386e-04 4.34032193e-04 2.17016096e-04 1.08508048e-04 5.42540241e-05 2.71270121e-05 1.35635060e-05 6.78175302e-06 3.39087651e-06 1.69543825e-06 8.47719127e-07 4.23859563e-07
2.11929782e-07 4.23859563e-07 8.47719127e-07 1.69543825e-06 3.39087651e-06 6.78175302e-06 1.35635060e-05 2.71270121e-05 5.42540241e-05 1.08508048e-04 2.17016096e-04 4.34032193e-04 8.68064386e-04 1.73612877e-03 3.47225754e-03 6.94451509e-03 1.38890302e-02 2.77780604e-02 1.38890302e-02 6.94451509e-03 3.47225754e-03 1.73612877e-03 8.68064386e-04 4.34032193e-04 2.17016096e-04 1.08508048e-04 5.42540241e-05 2.71270121e-05 1.35635060e-05 6.78175302e-06 3.39087651e-06 1.69543825e-06 8.47719127e-07 4.23859563e-07 2.11929782e-07
1.05964891e-07 2.11929782e-07 4.23859563e-07 8.47719127e-07 1.69543825e-06 3.39087651e-06 6.78175302e-06 1.35635060e-05 2.71270121e-05 5.42540241e-05 1.08508048e-04 2.17016096e-04 4.34032193e-04 8.68064386e-04 1.73612877e-03 3.47225754e-03 6.94451509e-03 1.38890302e-02 6.94451509e-03 3.47225754e-03 1.73612877e-03 8.68064386e-04 4.34032193e-04 2.17016096e-04 1.08508048e-04 5.42540241e-05 2.71270121e-05 1.35635060e-05 6.78175302e-06 3.39087651e-06 1.69543825e-06 8.47719127e-07 4.23859563e-07 2.11929782e-07 1.05964891e-07
5.29824454e-08 1.05964891e-07 2.11929782e-07 4.23859563e-07 8.47719127e-07 1.69543825e-06 3.39087651e-06 6.78175302e-06 1.35635060e-05 2.71270121e-05 5.42540241e-05 1.08508048e-04 2.17016096e-04 4.34032193e-04 8.68064386e-04 1.73612877e-03 3.47225754e-03 6.94451509e-03 3.47225754e-03 1.73612877e-03 8.68064386e-04 4.34032193e-04 2.17016096e-04 1.08508048e-04 5.42540241e-05 2.71270121e-05 1.35635060e-05 6.78175302e-06 3.39087651e-06 1.69543825e-06 8.47719127e-07 4.23859563e-07 2.11929782e-07 1.05964891e-07 5.29824454e-08
2.64912227e-08 5.29824454e-08 1.05964891e-07 2.11929782e-07 4.23859563e-07 8.47719127e-07 1.69543825e-06 3.39087651e-06 6.78175302e-06 1.35635060e-05 2.71270121e-05 5.42540241e-05 1.08508048e-04 2.17016096e-04 4.34032193e-04 8.68064386e-04 1.73612877e-03 3.47225754e-03 1.73612877e-03 8.68064386e-04 4.34032193e-04 2.17016096e-04 1.08508048e-04 5.42540241e-05 2.71270121e-05 1.35635060e-05 6.78175302e-06 3.39087651e-06 1.69543825e-06 8.47719127e-07 4.23859563e-07 2.11929782e-07 1.05964891e-07 5.29824454e-08 2.64912227e-08
1.32456114e-08 2.64912227e-08 5.29824454e-08 1.05964891e-07 2.11929782e-07 4.23859563e-07 8.47719127e-07 1.69543825e-06 3.39087651e-06 6.78175302e-06 1.35635060e-05 2.71270121e-05 5.42540241e-05 1.08508048e-04 2.17016096e-04 4.34032193e-04 8.68064386e-04 1.73612877e-03 8.68064386e-04 4.34032193e-04 2.17016096e-04 1.08508048e-04 5.42540241e-05 2.71270121e-05 1.35635060e-05 6.78175302e-06 3.39087651e-06 1.69543825e-06 8.47719127e-07 4.23859563e-07 2.11929782e-07 1.05964891e-07 5.29824454e-08 2.64912227e-08 1.32456114e-08
6.62280568e-09 1.32456114e-08 2.64912227e-08 5.29824454e-08 1.05964891e-07 2.11929782e-07 4.23859563e-07 8.47719127e-07 1.69543825e-06 3.39087651e-06 6.78175302e-06 1.35635060e-05 2.71270121e-05 5.42540241e-05 1.08508048e-04 2.17016096e-04 4.34032193e-04 8.68064386e-04 4.34032193e-04 2.17016096e-04 1.08508048e-04 5.42540241e-05 2.71270121e-05 1.35635060e-05 6.78175302e-06 3.39087651e-06 1.69543825e-06 8.47719127e-07 4.23859563e-07 2.11929782e-07 1.05964891e-07 5.29824454e-08 2.64912227e-08 1.32456114e-08 6.62280568e-09
3.31140284e-09 6.62280568e-09 1.32456114e-08 2.64912227e-08 5.29824454e-08 1.05964891e-07 2.11929782e-07 4.23859563e-07 8.47719127e-07 1.69543825e-06 3.39087651e-06 6.78175302e-06 1.35635060e-05 2.71270121e-05 5.42540241e-05 1.08508048e-04 2.17016096e-04 4.34032193e-04 2.17016096e-04 1.08508048e-04 5.42540241e-05 2.71270121e-05 1.35635060e-05 6.78175302e-06 3.39087651e-06 1.69543825e-06 8.47719127e-07 4.23859563e-07 2.11929782e-07 1.05964891e-07 5.29824454e-08 2.64912227e-08 1.32456114e-08 6.62280568e-09 3.31140284e-09
1.65570142e-09 3.31140284e-09 6.62280568e-09 1.32456114e-08 2.64912227e-08 5.29824454e-08 1.05964891e-07 2.11929782e-07 4.23859563e-07 8.47719127e-07 1.69543825e-06 3.39087651e-06 6.78175302e-06 1.35635060e-05 2.71270121e-05 5.42540241e-05 1.08508048e-04 2.17016096e-04 1.08508048e-04 5.42540241e-05 2.71270121e-05 1.35635060e-05 6.78175302e-06 3.39087651e-06 1.69543825e-06 8.47719127e-07 4.23859563e-07 2.11929782e-07 1.05964891e-07 5.29824454e-08 2.64912227e-08 1.32456114e-08 6.62280568e-09 3.31140284e-09 1.65570142e-09
8.27850710e-10 1.65570142e-09 3.31140284e-09 6.62280568e-09 1.32456114e-08 2.64912227e-08 5.29824454e-08 1.05964891e-07 2.11929782e-07 4.23859563e-07 8.47719127e-07 1.69543825e-06 3.39087651e-06 6.78175302e-06 1.35635060e-05 2.71270121e-05 5.42540241e-05 1.08508048e-04 5.42540241e-05 2.71270121e-05 1.35635060e-05 6.78175302e-06 3.39087651e-06 1.69543825e-06 8.47719127e-07 4.23859563e-07 2.11929782e-07 1.05964891e-07 5.29824454e-08 2.64912227e-08 1.32456114e-08 6.62280568e-09 3.31140284e-09 1.65570142e-09 8.27850710e-10
4.13925355e-10 8.27850710e-10 1.65570142e-09 3.31140284e-09 6.62280568e-09 1.32456114e-08 2.64912227e-08 5.29824454e-08 1.05964891e-07 2.11929782e-07 4.23859563e-07 8.47719127e-07 1.69543825e-06 3.39087651e-06 6.78175302e-06 1.35635060e-05 2.71270121e-05 5.42540241e-05 2.71270121e-05 1.35635060e-05 6.78175302e-06 3.39087651e-06 1.69543825e-06 8.47719127e-07 4.23859563e-07 2.11929782e-07 1.05964891e-07 5.29824454e-08 2.64912227e-08 1.32456114e-08 6.62280568e-09 3.31140284e-09 1.65570142e-09 8.27850710e-10 4.13925355e-10
2.06962677e-10 4.13925355e-10 8.27850710e-10 1.65570142e-09 3.31140284e-09 6.62280568e-09 1.32456114e-08 2.64912227e-08 5.29824454e-08 1.05964891e-07 2.11929782e-07 4.23859563e-07 8.47719127e-07 1.69543825e-06 3.39087651e-06 6.78175302e-06 1.35635060e-05 2.71270121e-05 1.35635060e-05 6.78175302e-06 3.39087651e-06 1.69543825e-06 8.47719127e-07 4.23859563e-07 2.11929782e-07 1.05964891e-07 5.29824454e-08 2.64912227e-08 1.32456114e-08 6.62280568e-09 3.31140284e-09 1.65570142e-09 8.27850710e-10 4.13925355e-10 2.06962677e-10
1.03481339e-10 2.06962677e-10 4.13925355e-10 8.27850710e-10 1.65570142e-09 3.31140284e-09 6.62280568e-09 1.32456114e-08 2.64912227e-08 5.29824454e-08 1.05964891e-07 2.11929782e-07 4.23859563e-07 8.47719127e-07 1.69543825e-06 3.39087651e-06 6.78175302e-06 1.35635060e-05 6.78175302e-06 3.39087651e-06 1.69543825e-06 8.47719127e-07 4.23859563e-07 2.11929782e-07 1.05964891e-07 5.29824454e-08 2.64912227e-08 1.32456114e-08 6.62280568e-09 3.31140284e-09 1.65570142e-09 8.27850710e-10 4.13925355e-10 2.06962677e-10 1.03481339e-10
5.17406694e-11 1.03481339e-10 2.06962677e-10 4.13925355e-10 8.27850710e-10 1.65570142e-09 3.31140284e-09 6.62280568e-09 1.32456114e-08 2.64912227e-08 5.29824454e-08 1.05964891e-07 2.11929782e-07 4.23859563e-07 8.47719127e-07 1.69543825e-06 3.39087651e-06 6.78175302e-06 3.39087651e-06 1.69543825e-06 8.47719127e-07 4.23859563e-07 2.11929782e-07 1.05964891e-07 5.29824454e-08 2.64912227e-08 1.32456114e-08 6.62280568e-09 3.31140284e-09 1.65570142e-09 8.27850710e-10 4.13925355e-10 2.06962677e-10 1.03481339e-10 5.17406694e-11
2.58703347e-11 5.17406694e-11 1.03481339e-10 2.06962677e-10 4.13925355e-10 8.27850710e-10 1.65570142e-09 3.31140284e-09 6.62280568e-09 1.32456114e-08 2.64912227e-08 5.29824454e-08 1.05964891e-07 2.11929782e-07 4.23859563e-07 8.47719127e-07 1.69543825e-06 3.39087651e-06 1.69543825e-06 8.47719127e-07 4.23859563e-07 2.11929782e-07 1.05964891e-07 5.29824454e-08 2.64912227e-08 1.32456114e-08 6.62280568e-09 3.31140284e-09 1.65570142e-09 8.27850710e-10 4.13925355e-10 2.06962677e-10 1.03481339e-10 5.17406694e-11 2.58703347e-11
1.29351673e-11 2.58703347e-11 5.17406694e-11 1.03481339e-10 2.06962677e-10 4.13925355e-10 8.27850710e-10 1.65570142e-09 3.31140284e-09 6.62280568e-09 1.32456114e-08 2.64912227e-08 5.29824454e-08 1.05964891e-07 2.11929782e-07 4.23859563e-07 8.47719127e-07 1.69543825e-06 8.47719127e-07 4.23859563e-07 2.11929782e-07 1.05964891e-07 5.29824454e-08 2.64912227e-08 1.32456114e-08 6.62280568e-09 3.31140284e-09 1.65570142e-09 8.27850710e-10 4.13925355e-10 2.06962677e-10 1.03481339e-10 5.17406694e-11 2.58703347e-11 1.29351673e-11
6.46758367e-12 1.29351673e-11 2.58703347e-11 5.17406694e-11 1.03481339e-10 2.06962677e-10 4.13925355e-10 8.27850710e-10 1.65570142e-09 3.31140284e-09 6.62280568e-09 1.32456114e-08 2.64912227e-08 5.29824454e-08 1.05964891e-07 2.11929782e-07 4.23859563e-07 8.47719127e-07 4.23859563e-07 2.11929782e-07 1.05964891e-07 5.29824454e-08 2.64912227e-08 1.32456114e-08 6.62280568e-09 3.31140284e-09 1.65570142e-09 8.27850710e-10 4.13925355e-10 2.06962677e-10 1.03481339e-10 5.17406694e-11 2.58703347e-11 1.29351673e-11 6.46758367e-12
